#SCV 10 folds, improved knn con k=(3,5,7) y usando media en la votación

0.7996 ± 0.0117 24
0.7985 ± 0.0104 25
0.7990 ± 0.0117 26
0.7995 ± 0.0105 27
0.7981 ± 0.0134 28
0.7987 ± 0.0122 29
0.7987 ± 0.0123 30
0.7987 ± 0.0104 31
0.7993 ± 0.0123 32
0.7987 ± 0.0095 33
0.7982 ± 0.0102 34
0.7991 ± 0.0106 35
0.7996 ± 0.0114 36
0.8013 ± 0.0095 37
0.7993 ± 0.0121 38
0.8014 ± 0.0115 39
0.7990 ± 0.0107 40
0.8011 ± 0.0092 41
0.7996 ± 0.0094 42
0.8021 ± 0.0091 43
0.8016 ± 0.0108 44
0.8005 ± 0.0112 45
0.8013 ± 0.0101 46
0.8008 ± 0.0114 47
0.8012 ± 0.0109 48
0.8027 ± 0.0105 49
0.8004 ± 0.0109 50
0.8000 ± 0.0112 51
0.8011 ± 0.0104 52
0.8004 ± 0.0130 53
0.8023 ± 0.0121 54
0.8019 ± 0.0133 55
0.8026 ± 0.0126 56
0.8004 ± 0.0133 57
0.8016 ± 0.0134 58
0.8000 ± 0.0136 59
0.7996 ± 0.0129 60
0.7995 ± 0.0136 61
0.8004 ± 0.0130 62
0.7985 ± 0.0120 63
0.7997 ± 0.0125 64
0.7994 ± 0.0133 65
0.7990 ± 0.0129 66
0.7977 ± 0.0133 67
0.7993 ± 0.0129 68
0.7966 ± 0.0127 69
0.7993 ± 0.0121 70
0.7975 ± 0.0103 71
0.7979 ± 0.0113 72
0.7975 ± 0.0103 73
0.7977 ± 0.0111 74
0.7973 ± 0.0118 75
0.7982 ± 0.0120 76
0.7965 ± 0.0134 77
0.7986 ± 0.0109 78
0.7979 ± 0.0115 79
0.7997 ± 0.0120 80
0.7983 ± 0.0113 81
0.8002 ± 0.0109 82
0.8002 ± 0.0111 83
0.8001 ± 0.0114 84
0.7994 ± 0.0113 85
0.7993 ± 0.0115 86
0.7990 ± 0.0103 87
0.8002 ± 0.0105 88
0.7985 ± 0.0113 89
0.8001 ± 0.0106 90
0.7988 ± 0.0099 91
0.7995 ± 0.0107 92
0.7991 ± 0.0100 93
0.7997 ± 0.0091 94
0.7987 ± 0.0108 95
0.7991 ± 0.0120 96
0.7986 ± 0.0119 97
0.7989 ± 0.0123 98
0.7975 ± 0.0128 99
El mejor resultado es para k= 49 : 0.8027135166593918 