Improved knn con K=3,5,7 y usando mediana en la votación

0.7889 ± 0.0117 10
0.7905 ± 0.0129 11
0.7907 ± 0.0119 12
0.7912 ± 0.0131 13
0.7935 ± 0.0121 14
0.7939 ± 0.0115 15
0.7947 ± 0.0123 16
0.7977 ± 0.0117 17
0.7978 ± 0.0115 18
0.7979 ± 0.0106 19
0.7983 ± 0.0135 20
0.7980 ± 0.0113 21
0.7974 ± 0.0106 22
0.7985 ± 0.0105 23
0.7979 ± 0.0120 24
0.7985 ± 0.0104 25
0.7986 ± 0.0118 26
0.7995 ± 0.0105 27
0.7983 ± 0.0126 28
0.7987 ± 0.0122 29
0.7982 ± 0.0114 30
0.7987 ± 0.0104 31
0.7996 ± 0.0118 32
0.7987 ± 0.0095 33
0.7990 ± 0.0096 34
0.7991 ± 0.0106 35
0.8004 ± 0.0103 36
0.8013 ± 0.0095 37
0.7996 ± 0.0119 38
0.8014 ± 0.0115 39
0.8000 ± 0.0101 40
0.8011 ± 0.0092 41
0.8016 ± 0.0089 42
0.8021 ± 0.0091 43
0.8013 ± 0.0099 44
0.8005 ± 0.0112 45
0.8019 ± 0.0097 46
0.8008 ± 0.0114 47
0.8017 ± 0.0099 48
0.8027 ± 0.0105 49
0.8016 ± 0.0106 50
0.8000 ± 0.0112 51
0.8020 ± 0.0114 52
0.8004 ± 0.0130 53
0.8031 ± 0.0116 54
0.8019 ± 0.0133 55
0.8026 ± 0.0121 56
0.8004 ± 0.0133 57
0.8014 ± 0.0135 58
0.8000 ± 0.0136 59
0.7994 ± 0.0127 60
0.7995 ± 0.0136 61
0.8008 ± 0.0127 62
0.7985 ± 0.0120 63
0.7998 ± 0.0128 64
0.7994 ± 0.0133 65
0.7985 ± 0.0123 66
0.7977 ± 0.0133 67
0.7981 ± 0.0129 68
0.7966 ± 0.0127 69
El mejor resultado es para k= 54 : 0.803059005595016