#Validación cruzada con 10 folds, solo 'distancia uniforme', mejor k variando métrica de distancia





0.72875 0.74243 0.75532 0.75658 0.7743 0.77281 0.77994 0.77902 0.78684 0.78569 0.78961 0.78558 0.78938 0.78661 0.79007 0.78938 0.78915 0.78754 0.78961 0.788 0.79122 0.78949 0.79329 0.79133 0.79478 0.79306 0.79548 0.79248 0.79524 0.79616 0.79455 0.79386 0.79294 0.79398 0.79444 0.79179 0.79317 0.79352 0.79306 0.79248 0.79386 0.79329 0.79386 0.79248 0.79444 0.79559 0.79467 0.79513 0.79502 0.7949 0.79433 0.79421 0.79352 0.79387 0.79375 0.79225 0.79122 0.79202 0.79191 0.79099 0.78949 0.78995 0.78972 0.7903 0.78926 0.78995 0.78938 0.78903 0.78892 0.78972 0.79007 0.7888 0.78995 0.78915 0.79018 0.79076 0.79064 0.79041 0.79064 0.78995 0.78869 0.78926 0.7888 0.78777 0.78869 0.78823 0.78765 0.78811 0.78777 0.78903 0.7888 0.78731 0.788 0.78869 0.79041 0.78869 0.78961 0.78857 0.7888 


Para distancia =  manhattan
Mejor resultado: 0.7961640411094797  para k= 30 

0.7261 0.74094 0.75175 0.75474 0.77062 0.77062 0.77856 0.77821 0.78868 0.78489 0.7888 0.7873 0.79191 0.7888 0.79271 0.79179 0.79547 0.79145 0.7949 0.7926 0.79294 0.79306 0.79513 0.79455 0.79616 0.7957 0.79651 0.79398 0.7949 0.79455 0.79513 0.79662 0.79455 0.79352 0.79559 0.79386 0.79432 0.79363 0.7949 0.79352 0.79524 0.79329 0.79536 0.79375 0.79536 0.79594 0.79455 0.79594 0.79479 0.79513 0.79524 0.7949 0.79386 0.79214 0.79248 0.79156 0.79145 0.7911 0.79053 0.79007 0.78892 0.78926 0.78754 0.78869 0.78915 0.78949 0.78915 0.7903 0.78892 0.7903 0.78788 0.78984 0.78823 0.78834 0.78892 0.78869 0.78765 0.78662 0.7865 0.7857 0.78616 0.78731 0.78742 0.78604 0.78581 0.78524 0.78604 0.78547 0.78662 0.78558 0.78639 0.78662 0.78627 0.78673 0.78777 0.78696 0.78869 0.78742 0.788 


Para distancia =  euclidean
Mejor resultado: 0.7966234144147718  para k= 32 

0.72667 0.7399 0.75175 0.75555 0.76855 0.77016 0.77856 0.77672 0.78742 0.78443 0.7888 0.78753 0.79007 0.79156 0.79294 0.79018 0.79685 0.79099 0.79444 0.79099 0.79432 0.79294 0.79375 0.79214 0.7957 0.79317 0.79375 0.79248 0.79501 0.79421 0.79605 0.7957 0.79628 0.79455 0.79375 0.79398 0.79444 0.79329 0.7949 0.7934 0.79536 0.79513 0.79513 0.7949 0.79789 0.79697 0.79674 0.79593 0.79674 0.7949 0.79651 0.79501 0.79386 0.79294 0.7949 0.79283 0.79294 0.79202 0.79248 0.7903 0.79076 0.7903 0.78892 0.78869 0.7903 0.78823 0.78857 0.78823 0.78857 0.78915 0.78892 0.788 0.78811 0.78926 0.78915 0.78823 0.78719 0.78685 0.78777 0.78639 0.78719 0.7865 0.78685 0.78627 0.78719 0.78512 0.78616 0.7865 0.78627 0.788 0.78604 0.78742 0.78662 0.7865 0.78639 0.78777 0.78708 0.78685 0.78915 


Para distancia = Minkowski(p=3)
Mejor resultado: 0.7978906921683001  para k= 45 

0.72713 0.74278 0.75981 0.77074 0.78224 0.78328 0.78926 0.78731 0.79455 0.7911 0.79513 0.78938 0.79766 0.79271 0.79329 0.79145 0.7957 0.79421 0.79812 0.79524 0.79616 0.79616 0.79973 0.79743 0.79996 0.80019 0.80076 0.80007 0.80088 0.80088 0.79973 0.79984 0.79869 0.79973 0.79939 0.79927 0.7995 0.79927 0.80192 0.80088 0.80123 0.79973 0.80042 0.79927 0.80019 0.80088 0.801 0.80123 0.80054 0.80008 0.80008 0.80008 0.79939 0.79939 0.80019 0.79916 0.80031 0.79927 0.79916 0.79893 0.79824 0.79869 0.79731 0.79824 0.79651 0.79731 0.79582 0.79582 0.7972 0.79674 0.79559 0.79513 0.79582 0.79513 0.79478 0.79501 0.79409 0.79398 0.79375 0.7926 0.7926 0.79294 0.79352 0.79271 0.79352 0.79363 0.79363 0.7934 0.79467 0.79398 0.79467 0.79386 0.79467 0.79467 0.79536 0.79501 0.79524 0.79501 0.79455 


Para distancia =  cosine
Mejor resultado: 0.8019156647222996  para k= 39 

0.7307 0.74117 0.75578 0.75451 0.77246 0.77246 0.7804 0.78201 0.79329 0.79018 0.79398 0.79075 0.79329 0.79076 0.79271 0.79053 0.79375 0.78972 0.79283 0.79007 0.79168 0.79076 0.79283 0.79156 0.79467 0.79501 0.79616 0.7949 0.79536 0.79651 0.79639 0.79662 0.79639 0.79628 0.79571 0.79524 0.7964 0.79559 0.79582 0.79467 0.79547 0.7957 0.7957 0.79617 0.79674 0.79743 0.79686 0.79766 0.79663 0.79847 0.79766 0.7964 0.79605 0.79363 0.7964 0.79467 0.7957 0.79559 0.79352 0.79398 0.79398 0.79478 0.79363 0.79387 0.79306 0.79237 0.79364 0.79295 0.79214 0.79214 0.79237 0.79168 0.79202 0.79191 0.79122 0.7903 0.78995 0.78949 0.78915 0.788 0.78834 0.7888 0.78915 0.79018 0.78961 0.79053 0.79087 0.7903 0.79237 0.79007 0.79168 0.79076 0.79168 0.79168 0.79145 0.79053 0.79122 0.79122 0.79076 


Para distancia =  braycurtis
Mejor resultado: 0.7984661984312791  para k= 50 

0.69791 0.71264 0.73254 0.73404 0.75049 0.7521 0.76073 0.76039 0.77039 0.76579 0.77074 0.7674 0.77408 0.7712 0.77569 0.77086 0.77488 0.77132 0.77695 0.77086 0.77408 0.76821 0.77362 0.77039 0.77247 0.77166 0.77316 0.77293 0.77396 0.7727 0.77431 0.77293 0.77603 0.77201 0.77569 0.77224 0.77649 0.77235 0.7727 0.77131 0.77269 0.77051 0.77247 0.77178 0.77235 0.76982 0.77247 0.76901 0.77005 0.76878 0.76959 0.7689 0.76971 0.76855 0.76982 0.76844 0.76982 0.76879 0.76844 0.76925 0.7689 0.76809 0.76706 0.76856 0.76764 0.7666 0.7666 0.76407 0.76441 0.7643 0.76499 0.76545 0.76614 0.76441 0.76568 0.76511 0.76533 0.76372 0.76464 0.76384 0.76476 0.76349 0.76614 0.76395 0.76487 0.76292 0.76533 0.76246 0.76418 0.76349 0.76418 0.76349 0.76372 0.76395 0.76522 0.76441 0.76476 0.76326 0.76442 


Para distancia =  canberra
Mejor resultado: 0.7769530309643796  para k= 19 

0.72587 0.73323 0.75106 0.75175 0.77028 0.76832 0.78029 0.77856 0.78822 0.785 0.79248 0.78489 0.7911 0.78799 0.79225 0.7911 0.79513 0.79271 0.79248 0.79191 0.7911 0.79041 0.79191 0.78938 0.79064 0.7888 0.79087 0.78857 0.7903 0.78926 0.78972 0.79064 0.79145 0.79007 0.79064 0.79041 0.79122 0.79053 0.78961 0.79099 0.7911 0.79202 0.78972 0.78995 0.79179 0.79294 0.7926 0.79329 0.79248 0.79375 0.79168 0.7926 0.79145 0.79007 0.79007 0.78834 0.78788 0.78869 0.78673 0.78708 0.7857 0.78765 0.78535 0.78754 0.7857 0.78604 0.78524 0.78535 0.78524 0.78581 0.78535 0.78558 0.78535 0.78455 0.78512 0.78466 0.78374 0.78478 0.78466 0.78431 0.78282 0.78339 0.7827 0.78236 0.78432 0.78167 0.7819 0.78167 0.78339 0.7827 0.78213 0.78167 0.78247 0.78316 0.78328 0.78316 0.78282 0.78316 0.78397 


Para distancia =  chebyshev
Mejor resultado: 0.7951292938110922  para k= 17 

0.72944 0.74128 0.76153 0.76959 0.78144 0.77845 0.78788 0.7857 0.79248 0.79271 0.79283 0.78834 0.79237 0.79156 0.7949 0.79225 0.79524 0.79352 0.79846 0.7957 0.79674 0.79421 0.79847 0.79777 0.79731 0.79984 0.79961 0.79996 0.79984 0.80122 0.801 0.80007 0.79916 0.79985 0.79858 0.79927 0.79939 0.79904 0.80054 0.801 0.80123 0.80054 0.80019 0.79973 0.80008 0.79973 0.80042 0.80077 0.7995 0.79973 0.79962 0.80019 0.79996 0.7995 0.79985 0.79893 0.7987 0.79893 0.79835 0.79916 0.79662 0.79697 0.79593 0.79731 0.79628 0.79639 0.79547 0.79547 0.79639 0.79536 0.79524 0.79478 0.79455 0.79467 0.79432 0.79444 0.7934 0.79386 0.79294 0.79271 0.79248 0.79248 0.79398 0.79352 0.79363 0.79317 0.7934 0.79363 0.79478 0.79421 0.79467 0.79467 0.7949 0.79398 0.79444 0.7949 0.79444 0.79386 0.79455 


Para distancia =  correlation
Mejor resultado: 0.8012254804703517  para k= 41 

0.72898 0.73818 0.75106 0.75175 0.76614 0.76602 0.77212 0.77511 0.77822 0.77488 0.78086 0.77764 0.78029 0.77868 0.78224 0.78017 0.78351 0.78201 0.78362 0.78282 0.7819 0.78144 0.78351 0.7827 0.78489 0.78236 0.78201 0.78385 0.78282 0.78224 0.78339 0.78374 0.7827 0.78086 0.78006 0.77971 0.7781 0.77833 0.77672 0.77891 0.77856 0.77891 0.77994 0.77776 0.78075 0.78075 0.7804 0.77937 0.7781 0.77764 0.77672 0.7781 0.77649 0.77534 0.77511 0.77373 0.775 0.77546 0.77488 0.77557 0.77373 0.7735 0.77293 0.77224 0.77097 0.77109 0.77155 0.76994 0.76959 0.7674 0.76844 0.76522 0.76579 0.76384 0.76522 0.76453 0.76464 0.76384 0.76487 0.76326 0.76395 0.76223 0.76211 0.7597 0.76131 0.76015 0.75843 0.7582 0.75901 0.75624 0.7559 0.75555 0.7559 0.75383 0.75486 0.75521 0.75601 0.75429 0.75406 


Para distancia =  seuclidean
Mejor resultado: 0.7848912080208457  para k= 25 

0.67077 0.67882 0.68826 0.68733 0.65582 0.69124 0.65985 0.66364 0.65973 0.66019 0.65352 0.65824 0.64835 0.65306 0.64651 0.65318 0.64501 0.64881 0.62395 0.64559 0.64041 0.64271 0.61981 0.64029 0.63765 0.64133 0.61694 0.62464 0.61671 0.6251 0.61567 0.62384 0.61383 0.61958 0.61222 0.61751 0.61038 0.61417 0.60773 0.61141 0.6075 0.61268 0.60635 0.61659 0.60716 0.61509 0.60911 0.61544 0.6075 0.6144 0.60853 0.61406 0.60853 0.61394 0.60853 0.61152 0.60704 0.6121 0.60198 0.6121 0.60129 0.60842 0.5983 0.60669 0.59657 0.59991 0.59082 0.59565 0.58829 0.59312 0.58449 0.5884 0.583 0.58541 0.58092 0.58323 0.57977 0.5815 0.57793 0.58115 0.5777 0.58115 0.57609 0.58069 0.57713 0.58253 0.57586 0.58161 0.57782 0.58265 0.57805 0.58357 0.57851 0.58564 0.57908 0.58403 0.5792 0.58207 0.57379 


Para distancia =  mahalanobis
Mejor resultado: 0.6912446596034549  para k= 6 