#Encontrando el mejor valor de k en función de la métrica de distancia y la ponderación de las distancias
#Se ha usado el robust_scaler predeterminado y CV con 10 folds


0.72875 0.74243 0.75532 0.75658 0.7743 0.77281 0.77994 0.77902 0.78684 0.78569 0.78961 0.78558 0.78938 0.78661 0.79007 0.78938 0.78915 
0.78754 0.78961 0.788 0.79122 0.78949 0.79329 0.79133 0.79478 0.79306 0.79548 0.79248 0.79524 0.79616 0.79455 0.79386 0.79294 0.79398 0.79444 0.79179 0.79317 0.79352 0.79306 0.79248 0.79386 0.79329 0.79386 0.79248 0.79444 0.79559 0.79467 0.79513 0.79502 0.7949 0.79433 0.79421 0.79352 0.79387 0.79375 0.79225 0.79122 0.79202 0.79191 0.79099 0.78949 0.78995 0.78972 0.7903 0.78926 0.78995 0.78938 0.78903 0.78892 0.78972 0.79007 0.7888 0.78995 0.78915 0.79018 0.79076 0.79064 0.79041 0.79064 0.78995 0.78869 0.78926 0.7888 0.78777 0.78869 0.78823 0.78765 0.78811 0.78777 0.78903 0.7888 0.78731 0.788 0.78869 0.79041 0.78869 0.78961 0.78857 0.7888 


Para distancia =  manhattan  y weights =  uniform
Mejor resultado: 0.7961640411094797 
 Para k= 30 

0.72875 0.71989 0.74911 0.7437 0.76211 0.76498 0.77166 0.772 0.77672 0.77833 0.77879 0.77856 0.77879 0.77833 0.77902 0.77856 0.7796 0.78098 0.78109 0.78006 0.78132 0.78144 0.78305 0.78282 0.78293 0.78339 0.78224 0.78201 0.78305 0.78316 0.78305 0.78259 0.78374 0.78282 0.78293 0.78351 0.78247 0.78178 0.78144 0.78213 0.78328 0.78201 0.78247 0.78167 0.78167 0.78144 0.78201 0.78121 0.78259 0.78247 0.78224 0.78201 0.7827 0.78305 0.78224 0.78224 0.78259 0.78259 0.78374 0.78293 0.78328 0.78316 0.78316 0.7827 0.78224 0.78224 0.78224 0.78247 0.7819 0.78201 0.78247 0.78224 0.78293 0.78282 0.78362 0.7842 0.78339 0.78351 0.78374 0.78339 0.78351 0.78339 0.78305 0.78236 0.7827 0.78293 0.7827 0.78259 0.78282 0.7827 0.7827 0.78247 0.7827 0.78247 0.78247 0.78224 0.78236 0.78213 0.78259 


Para distancia =  manhattan  y weights =  distance
Mejor resultado: 0.7841983783712286 
 Para k= 76 

0.7261 0.74094 0.75175 0.75474 0.77062 0.77062 0.77856 0.77821 0.78868 0.78489 0.7888 0.7873 0.79191 0.7888 0.79271 0.79179 0.79547 0.79145 0.7949 0.7926 0.79294 0.79306 0.79513 0.79455 0.79616 0.7957 0.79651 0.79398 0.7949 0.79455 0.79513 0.79662 0.79455 0.79352 0.79559 0.79386 0.79432 0.79363 0.7949 0.79352 0.79524 0.79329 0.79536 0.79375 0.79536 0.79594 0.79455 0.79594 0.79479 0.79513 0.79524 0.7949 0.79386 0.79214 0.79248 0.79156 0.79145 0.7911 0.79053 0.79007 0.78892 0.78926 0.78754 0.78869 0.78915 0.78949 0.78915 0.7903 0.78892 0.7903 0.78788 0.78984 0.78823 0.78834 0.78892 0.78869 0.78765 0.78662 0.7865 0.7857 0.78616 0.78731 0.78742 0.78604 0.78581 0.78524 0.78604 0.78547 0.78662 0.78558 0.78639 0.78662 0.78627 0.78673 0.78777 0.78696 0.78869 0.78742 0.788 


Para distancia =  euclidean  y weights =  uniform
Mejor resultado: 0.7966234144147718 
 Para k= 32  

0.7261 0.7169 0.74635 0.74301 0.76199 0.76337 0.77062 0.76947 0.77649 0.77626 0.77902 0.7796 0.77983 0.78006 0.78132 0.78121 0.78305 0.78259 0.78259 0.78362 0.78374 0.78431 0.78477 0.78489 0.78408 0.785 0.78512 0.78443 0.78489 0.7842 0.7842 0.78512 0.78339 0.78408 0.78351 0.785 0.78362 0.78385 0.78305 0.78351 0.78282 0.78305 0.78305 0.78362 0.7827 0.78351 0.78362 0.78443 0.78328 0.78466 0.78305 0.78362 0.78259 0.78213 0.78098 0.78167 0.78155 0.78201 0.78213 0.78201 0.78201 0.7819 0.7819 0.78224 0.7819 0.78236 0.78167 0.78213 0.78213 0.78259 0.78213 0.78201 0.78144 0.78201 0.78167 0.78201 0.78213 0.78144 0.78155 0.78167 0.78201 0.78224 0.7819 0.78167 0.78167 0.78155 0.78144 0.78121 0.78155 0.78121 0.78155 0.78167 0.78121 0.78155 0.78132 0.78155 0.78132 0.78167 0.78155 


Para distancia =  euclidean  y weights =  distance
Mejor resultado: 0.7851192412999485 
 Para k= 27 

0.72713 0.74278 0.75981 0.77074 0.78224 0.78328 0.78926 0.78731 0.79455 0.7911 0.79513 0.78938 0.79766 0.79271 0.79329 0.79145 0.7957 0.79421 0.79812 0.79524 0.79616 0.79616 0.79973 0.79743 0.79996 0.80019 0.80076 0.80007 0.80088 0.80088 0.79973 0.79984 0.79869 0.79973 0.79939 0.79927 0.7995 0.79927 0.80192 0.80088 0.80123 0.79973 0.80042 0.79927 0.80019 0.80088 0.801 0.80123 0.80054 0.80008 0.80008 0.80008 0.79939 0.79939 0.80019 0.79916 0.80031 0.79927 0.79916 0.79893 0.79824 0.79869 0.79731 0.79824 0.79651 0.79731 0.79582 0.79582 0.7972 0.79674 0.79559 0.79513 0.79582 0.79513 0.79478 0.79501 0.79409 0.79398 0.79375 0.7926 0.7926 0.79294 0.79352 0.79271 0.79352 0.79363 0.79363 0.7934 0.79467 0.79398 0.79467 0.79386 0.79467 0.79467 0.79536 0.79501 0.79524 0.79501 0.79455 


Para distancia =  cosine  y weights =  uniform
Mejor resultado: 0.8019156647222996 
 Para k= 39 

0.72713 0.71862 0.74658 0.75624 0.76729 0.76855 0.77454 0.77316 0.77891 0.77638 0.77971 0.77948 0.78224 0.78144 0.78178 0.78282 0.78282 0.78339 0.78408 0.78293 0.78408 0.78362 0.78397 0.78443 0.78408 0.78454 0.78592 0.785 0.7865 0.78569 0.7865 0.78661 0.78719 0.78661 0.78707 0.78661 0.78661 0.78673 0.78765 0.78696 0.78707 0.78765 0.78696 0.78742 0.78719 0.78707 0.78777 0.78731 0.78777 0.78731 0.78765 0.78707 0.78719 0.78754 0.78684 0.78673 0.7873 0.78673 0.78684 0.78696 0.78707 0.78754 0.78776 0.78776 0.78742 0.7873 0.78754 0.78753 0.78707 0.78753 0.78765 0.78753 0.78765 0.78788 0.78811 0.78788 0.78776 0.78753 0.78765 0.78776 0.78822 0.78811 0.78788 0.78788 0.78799 0.78776 0.78776 0.78799 0.78765 0.78799 0.78845 0.78822 0.78845 0.78857 0.78891 0.78903 0.78903 0.78868 0.78868 


Para distancia =  cosine  y weights =  distance
Mejor resultado: 0.7890291390553286 
 Para k= 96

nan nan nan nan nan nan nan nan nan nan nan nan nan nan nan nan nan nan nan nan nan nan nan nan nan nan nan nan nan nan nan nan nan nan nan nan nan nan nan nan nan nan nan nan nan nan nan nan nan nan nan nan nan nan nan nan nan nan nan nan nan nan nan nan nan nan nan nan nan nan nan nan nan nan nan nan nan nan nan nan nan nan nan nan nan nan nan nan nan nan nan nan nan nan nan nan nan nan nan 


Para distancia =  haversine  y weights =  uniform
Mejor resultado: 0 
 Para k= 96 

nan nan nan nan nan nan nan nan nan nan nan nan nan nan nan nan nan nan nan nan nan nan nan nan nan nan nan nan nan nan nan nan nan nan nan nan nan nan nan nan nan nan nan nan nan nan nan nan nan nan nan nan nan nan nan nan nan nan nan nan nan nan nan nan nan nan nan nan nan nan nan nan nan nan nan nan nan nan nan nan nan nan nan nan nan nan nan nan nan nan nan nan nan nan nan nan nan nan nan 


Para distancia =  haversine  y weights =  distance
Mejor resultado: 0 
 Para k= 96

0.67077 0.67882 0.68826 0.68733 0.65582 0.69124 0.65985 0.66364 0.65973 0.66019 0.65352 0.65824 0.64835 0.65306 0.64651 0.65318 0.64501 0.64881 0.62395 0.64559 0.64041 0.64271 0.61981 0.64029 0.63765 0.64133 0.61694 0.62464 0.61671 0.6251 0.61567 0.62384 0.61383 0.61958 0.61222 0.61751 0.61038 0.61417 0.60773 0.61141 0.6075 0.61268 0.60635 0.61659 0.60716 0.61509 0.60911 0.61544 0.6075 0.6144 0.60853 0.61406 0.60853 0.61394 0.60853 0.61152 0.60704 0.6121 0.60198 0.6121 0.60129 0.60842 0.5983 0.60669 0.59657 0.59991 0.59082 0.59565 0.58829 0.59312 0.58449 0.5884 0.583 0.58541 0.58092 0.58323 0.57977 0.5815 0.57793 0.58115 0.5777 0.58115 0.57609 0.58069 0.57713 0.58253 0.57586 0.58161 0.57782 0.58265 0.57805 0.58357 0.57851 0.58564 0.57908 0.58403 0.5792 0.58207 0.57379 


Para distancia =  mahalanobis  y weights =  uniform
Mejor resultado: 0.6912446596034549 
 Para k= 6 

0.67077 0.65731 0.67111 0.67767 0.68343 0.6863 0.69102 0.68975 0.69102 0.69102 0.69159 0.69148 0.69194 0.69182 0.69286 0.6939 0.69332 0.6939 0.69171 0.69343 0.69286 0.69378 0.69389 0.69424 0.69435 0.69481 0.69424 0.69447 0.69504 0.6947 0.69435 0.69539 0.69516 0.69631 0.69608 0.69551 0.69551 0.69574 0.69412 0.69481 0.69412 0.69389 0.69378 0.69389 0.69355 0.69378 0.69343 0.69412 0.69355 0.69389 0.69412 0.69412 0.69389 0.69366 0.69332 0.69355 0.69297 0.69286 0.69286 0.69286 0.6932 0.69366 0.69309 0.69343 0.69309 0.69286 0.6932 0.69343 0.69309 0.69309 0.69309 0.6932 0.69366 0.69366 0.69401 0.69401 0.69389 0.69366 0.69378 0.69343 0.69366 0.69355 0.69367 0.69343 0.69355 0.69344 0.69332 0.69355 0.69355 0.69309 0.69355 0.69355 0.69355 0.69321 0.69344 0.69309 0.69321 0.69332 0.69321 


Para distancia =  mahalanobis  y weights =  distance
Mejor resultado: 0.6963107284102483 
 Para k= 34  