#CV with 10 folds, normalizer scaler, optimum k for each distance metric


Distance metric, CV score, k_optim
manhattan 0.8005346348689866 47
euclidean 0.7991526791264897 33
minkowski 0.7989227940690184 33
cosine 0.7996125815113158 31
braycurtis 0.8012241577715169 47
canberra 0.7901830615187228 31
chebyshev 0.7988087774294671 23
correlation 0.7992680184648757 28
seuclidean 0.796854357631311 53
mahalanobis 0.7646409534013201 19

0.72771 0.74439 0.7559 0.7582 0.77131 0.77315 0.78017 0.78431 0.79007 0.79006 0.79651 0.79099 0.79409 0.79225 0.79628 0.79352 0.79202 0.79294 0.79662 0.79605 0.7957 0.79455 0.7972 0.7972 0.79869 0.79605 0.79846 0.79812 0.79915 0.79869 0.79858 0.798 0.80042 0.79881 0.79915 0.79973 0.79915 0.79823 0.79904 0.79789 0.79789 0.79823 0.79881 0.79823 0.79996 0.79858 0.80053 0.79973 0.80019 0.79938 0.79973 0.7995 0.79892 0.79789 0.79777 0.798 0.79823 0.79823 0.79777 0.79927 0.79789 0.79823 0.79858 0.79674 0.79685 0.79639 0.79582 0.7949 0.79455 0.79421 0.79513 0.79501 0.79524 0.79501 0.79559 0.79467 0.79536 0.79467 0.79386 0.79467 0.79501 0.79432 0.79455 0.79478 0.79467 0.79524 0.7949 0.79455 0.79409 0.79398 0.79478 0.79501 0.79559 0.79536 0.7949 0.79432 0.79467 0.7957 0.79455 


Para distancia =  manhattan
Mejor resultado: 0.8005346348689866  para k= 47 

0.7238 0.74082 0.75659 0.75762 0.76993 0.77304 0.77983 0.78408 0.79133 0.79122 0.79444 0.79271 0.79536 0.7911 0.79662 0.79202 0.79398 0.7934 0.79524 0.7934 0.79559 0.79432 0.79651 0.79536 0.79777 0.7949 0.79812 0.79789 0.79823 0.79789 0.79881 0.79789 0.79915 0.79674 0.79789 0.79777 0.79846 0.798 0.79662 0.79593 0.79559 0.79559 0.79616 0.79386 0.79651 0.79651 0.7972 0.79754 0.79858 0.79766 0.79846 0.79858 0.79846 0.79754 0.798 0.79743 0.79766 0.79812 0.79754 0.79777 0.79651 0.79731 0.79628 0.79651 0.79651 0.79869 0.79708 0.7972 0.79513 0.79536 0.79409 0.79455 0.79432 0.79524 0.79409 0.79467 0.79375 0.79421 0.79329 0.79294 0.79352 0.7934 0.7934 0.79248 0.79271 0.79248 0.79225 0.79225 0.79294 0.79352 0.79375 0.79409 0.79283 0.79248 0.79375 0.79283 0.79329 0.79271 0.79283 


Para distancia =  euclidean
Mejor resultado: 0.7991526791264897  para k= 33 

0.72231 0.74105 0.75889 0.75635 0.77166 0.77511 0.78098 0.78408 0.7911 0.78926 0.79432 0.79259 0.7972 0.79225 0.79536 0.79271 0.79651 0.79375 0.79616 0.79363 0.79593 0.79547 0.79685 0.79478 0.79651 0.79616 0.79789 0.79743 0.79823 0.79628 0.79835 0.79616 0.79892 0.79616 0.79823 0.7972 0.79685 0.7972 0.7972 0.79651 0.79743 0.79536 0.7972 0.7949 0.79651 0.79616 0.79582 0.79628 0.79662 0.79731 0.79697 0.79697 0.79662 0.79766 0.79582 0.7972 0.79616 0.79823 0.79628 0.79605 0.79513 0.79559 0.79432 0.79559 0.7949 0.79616 0.79478 0.79398 0.79271 0.79432 0.79363 0.79513 0.79409 0.79536 0.79352 0.79398 0.79375 0.79352 0.79283 0.7934 0.7934 0.79352 0.79225 0.79202 0.79294 0.79306 0.7934 0.79306 0.79386 0.79283 0.79329 0.79409 0.79501 0.79306 0.7949 0.79444 0.79513 0.79375 0.79329 


Para distancia = Minkowski(p=3)
Mejor resultado: 0.7989227940690184  para k= 33 

0.7238 0.74082 0.75693 0.76568 0.77845 0.77799 0.78593 0.78788 0.79053 0.78972 0.79363 0.79052 0.79432 0.79317 0.79651 0.79294 0.79651 0.79398 0.79616 0.79306 0.79674 0.7949 0.79628 0.79536 0.79708 0.79616 0.79846 0.79869 0.79938 0.79823 0.79961 0.79904 0.79904 0.79697 0.79674 0.79708 0.79708 0.79662 0.79662 0.79559 0.79513 0.7949 0.79559 0.79547 0.79731 0.79593 0.79708 0.79708 0.79858 0.79789 0.79892 0.79846 0.79823 0.798 0.79731 0.79754 0.79731 0.79674 0.79766 0.79777 0.79628 0.79674 0.79559 0.79662 0.79605 0.79743 0.79616 0.79731 0.79478 0.79639 0.79455 0.7949 0.79455 0.79501 0.79455 0.79524 0.79444 0.79386 0.7934 0.79363 0.79398 0.79375 0.7934 0.79237 0.79202 0.79306 0.79248 0.79237 0.79294 0.79283 0.79398 0.79386 0.7934 0.79237 0.79317 0.79294 0.7934 0.79306 0.79283 


Para distancia =  cosine
Mejor resultado: 0.7996125815113158  para k= 31 

0.72725 0.74416 0.7559 0.75785 0.77212 0.77143 0.77925 0.7842 0.78972 0.78972 0.79616 0.79099 0.79375 0.7934 0.79536 0.79294 0.79329 0.79237 0.79616 0.79444 0.79697 0.79547 0.79754 0.79444 0.79904 0.79616 0.79835 0.79674 0.79812 0.79892 0.79938 0.79938 0.7995 0.79858 0.79904 0.79973 0.79996 0.79812 0.79881 0.79662 0.79835 0.7972 0.7995 0.79858 0.8003 0.80076 0.80122 0.80099 0.80099 0.80088 0.7995 0.80019 0.79927 0.79961 0.79869 0.79938 0.798 0.79904 0.79892 0.79904 0.79835 0.79823 0.79823 0.79743 0.79674 0.79639 0.79651 0.79628 0.79559 0.79593 0.79582 0.79582 0.79478 0.79605 0.79536 0.79524 0.79674 0.7949 0.79455 0.79432 0.79467 0.79513 0.79501 0.79467 0.79478 0.79386 0.79513 0.79559 0.79478 0.79513 0.79513 0.7949 0.79524 0.79317 0.79432 0.79409 0.79421 0.79363 0.79421 


Para distancia =  braycurtis
Mejor resultado: 0.8012241577715169  para k= 47 

0.71586 0.72759 0.74727 0.74543 0.76188 0.76625 0.7743 0.77546 0.78661 0.7827 0.79018 0.7819 0.78869 0.78339 0.78846 0.78489 0.78742 0.78443 0.78892 0.78558 0.78869 0.78282 0.78995 0.78581 0.78949 0.78673 0.78984 0.78696 0.78915 0.78673 0.79018 0.78846 0.78949 0.788 0.78984 0.78604 0.78811 0.78823 0.78788 0.78616 0.788 0.78593 0.78777 0.78604 0.788 0.78765 0.78949 0.78673 0.78915 0.7865 0.78915 0.78593 0.78696 0.78535 0.78662 0.78271 0.78305 0.78362 0.78501 0.78293 0.78512 0.78362 0.78466 0.7827 0.78397 0.78098 0.78248 0.78121 0.78351 0.78121 0.7819 0.78017 0.78259 0.78075 0.78201 0.78017 0.78167 0.78155 0.78144 0.77994 0.78098 0.78006 0.78098 0.77971 0.78063 0.77845 0.77983 0.77799 0.78006 0.77833 0.78086 0.77718 0.77937 0.77799 0.77914 0.7773 0.7781 0.77649 0.77707 


Para distancia =  canberra
Mejor resultado: 0.7901830615187228  para k= 31 

0.72357 0.74082 0.75969 0.75497 0.77304 0.77695 0.78454 0.78408 0.79214 0.79064 0.79386 0.79283 0.79467 0.79225 0.79662 0.79409 0.79294 0.79421 0.79605 0.79628 0.79628 0.79731 0.79881 0.7972 0.79869 0.79743 0.79846 0.79639 0.79697 0.79651 0.79777 0.79639 0.79754 0.79582 0.79697 0.79432 0.79547 0.79513 0.79651 0.79455 0.79662 0.79501 0.79605 0.79432 0.79547 0.7949 0.79593 0.7957 0.79547 0.7949 0.79536 0.79593 0.79524 0.79582 0.7957 0.79754 0.79639 0.79789 0.79547 0.79731 0.79582 0.79685 0.79547 0.79547 0.79375 0.7957 0.7934 0.79421 0.79306 0.79467 0.79248 0.79202 0.79352 0.79352 0.79225 0.79294 0.79248 0.79237 0.79168 0.79214 0.79133 0.79133 0.79122 0.79179 0.79041 0.79133 0.79156 0.79064 0.79087 0.79018 0.79007 0.79122 0.78984 0.78938 0.79041 0.79122 0.78926 0.78972 0.79064 


Para distancia =  chebyshev
Mejor resultado: 0.7988087774294671  para k= 23 

0.72553 0.74105 0.75693 0.76568 0.77638 0.77914 0.78972 0.79052 0.79294 0.7911 0.79352 0.79098 0.7957 0.79409 0.79754 0.79271 0.79593 0.79421 0.79789 0.79432 0.79685 0.79593 0.7972 0.79547 0.79892 0.79697 0.79835 0.79927 0.79869 0.7972 0.79766 0.79651 0.79789 0.79743 0.79743 0.79777 0.7972 0.79651 0.79639 0.79524 0.79616 0.79605 0.7957 0.79547 0.7957 0.79501 0.79547 0.79708 0.79731 0.79685 0.79777 0.79777 0.79708 0.79674 0.79628 0.79708 0.79674 0.79777 0.79593 0.79685 0.79455 0.79605 0.7949 0.79593 0.79547 0.79593 0.79593 0.7957 0.79467 0.79455 0.79352 0.79421 0.79375 0.79363 0.79306 0.7934 0.79352 0.79329 0.79294 0.79375 0.7934 0.79317 0.79329 0.79283 0.79271 0.79329 0.79317 0.79283 0.7926 0.7926 0.79409 0.79398 0.79375 0.79386 0.79432 0.79363 0.79444 0.79375 0.79398 


Para distancia =  correlation
Mejor resultado: 0.7992680184648757  para k= 28 

0.72472 0.73864 0.75935 0.75647 0.77373 0.77499 0.78052 0.78201 0.79007 0.78961 0.79271 0.78903 0.79317 0.78834 0.7934 0.78742 0.79122 0.78926 0.79375 0.78857 0.79099 0.78972 0.79271 0.79191 0.79478 0.79098 0.79421 0.79352 0.79444 0.79283 0.79501 0.79432 0.79513 0.79559 0.79616 0.79582 0.79662 0.79639 0.79559 0.79524 0.79467 0.79421 0.7957 0.79306 0.79536 0.79547 0.79559 0.79616 0.79513 0.79628 0.79582 0.79582 0.79685 0.79639 0.79616 0.7957 0.79467 0.79605 0.79501 0.79432 0.7949 0.79363 0.79409 0.79501 0.79547 0.79524 0.79467 0.79444 0.79421 0.79409 0.79478 0.79363 0.79421 0.79421 0.79467 0.79386 0.79478 0.79421 0.79409 0.79363 0.79317 0.79317 0.79248 0.79294 0.79317 0.79398 0.79306 0.79352 0.79352 0.79317 0.79409 0.79386 0.79409 0.79294 0.79467 0.79513 0.79467 0.79421 0.79375 


Para distancia =  seuclidean
Mejor resultado: 0.796854357631311  para k= 53 

0.70183 0.71022 0.7261 0.73703 0.74647 0.74336 0.75199 0.75107 0.75751 0.75291 0.75854 0.7544 0.76165 0.76084 0.76337 0.76015 0.76061 0.76061 0.76464 0.76211 0.76176 0.76246 0.762 0.76246 0.76084 0.76107 0.76177 0.7605 0.75785 0.75923 0.75969 0.7582 0.75866 0.75866 0.75774 0.75923 0.75762 0.75935 0.75682 0.75624 0.7544 0.75636 0.7536 0.75452 0.75463 0.75624 0.75486 0.75509 0.75371 0.7544 0.75256 0.75371 0.75107 0.75164 0.75141 0.75383 0.75268 0.75337 0.74992 0.75245 0.74969 0.75164 0.75038 0.75302 0.75072 0.75268 0.75176 0.75325 0.75279 0.75314 0.75348 0.75337 0.75325 0.75325 0.75383 0.75348 0.75348 0.75578 0.75532 0.75521 0.75337 0.75417 0.75475 0.75463 0.75383 0.75371 0.7544 0.75371 0.75291 0.75371 0.75371 0.75394 0.75268 0.75337 0.75222 0.7521 0.75233 0.75244 0.75129 


Para distancia =  mahalanobis
Mejor resultado: 0.7646409534013201  para k= 19 