#SCV con 10 folds, standard scaler, weights uniform. Mejor escore para cada métrica 

Distance metric, CV score, k_optim
manhattan 0.7894899673293387 30
euclidean 0.7859245003505152 19
minkowski 0.7843134531698478 17
cosine 0.7883402775022155 26 
braycurtis 0.7897215718952951 30
canberra 0.7850049601206301 42
chebyshev 0.7768384852452944 19
correlation 0.7896055712074916 23
seuclidean 0.7847757364125763 25
mahalanobis 0.6883737417827335 86


0.72345 0.7368 0.75026 0.75359 0.76372 0.7697 0.77373 0.77419 0.77971 0.77902 0.78201 0.77787 0.78316 0.78178 0.78477 0.78213 0.78546 0.7827 0.78523 0.78431 0.78351 0.78443 0.78316 0.78546 0.78535 0.78753 0.78719 0.78834 0.78731 0.78949 0.78776 0.78868 0.78915 0.7873 0.7865 0.78604 0.78661 0.78592 0.78443 0.78362 0.78385 0.78616 0.78466 0.78523 0.78466 0.78443 0.78328 0.78339 0.78362 0.78293 0.78362 0.78546 0.78201 0.78282 0.7827 0.77925 0.7796 0.77948 0.77799 0.77799 0.77718 0.77638 0.77592 0.77672 0.77419 0.77373 0.77408 0.77362 0.77419 0.77373 0.77339 0.77109 0.77189 0.77247 0.77109 0.77143 0.77051 0.7697 0.76982 0.76959 0.76798 0.76902 0.7689 0.76798 0.76729 0.76602 0.76533 0.76591 0.76476 0.7651 0.76441 0.76453 0.76545 0.76476 0.7651 0.76476 0.76395 0.76234 0.7628 


Para distancia =  manhattan
Mejor resultado: 0.7894899673293387  para k= 30 

0.72967 0.73795 0.75049 0.7521 0.76648 0.76476 0.77085 0.77373 0.77845 0.77476 0.78075 0.77568 0.78098 0.7796 0.7842 0.7819 0.78385 0.78282 0.78592 0.78454 0.78385 0.78443 0.7842 0.78305 0.78466 0.78328 0.78155 0.78397 0.78247 0.7827 0.78351 0.78316 0.7827 0.78029 0.78075 0.77983 0.77764 0.77833 0.77592 0.77822 0.7781 0.77891 0.77937 0.77753 0.78029 0.77983 0.77994 0.77891 0.77787 0.77776 0.77649 0.77741 0.77603 0.77431 0.77408 0.77454 0.77511 0.77488 0.77431 0.77649 0.77442 0.7735 0.77339 0.77212 0.77051 0.77063 0.77178 0.76994 0.76982 0.76763 0.76775 0.76591 0.76671 0.76464 0.76579 0.76487 0.7643 0.76361 0.76476 0.76292 0.76315 0.76188 0.76131 0.75993 0.76085 0.75843 0.75843 0.75843 0.75946 0.75613 0.75647 0.75521 0.75636 0.75475 0.75475 0.7559 0.75567 0.7544 0.75348 


Para distancia =  euclidean
Mejor resultado: 0.7859245003505152  para k= 19 

0.72886 0.73772 0.75095 0.74991 0.7628 0.76372 0.77028 0.7689 0.77914 0.77534 0.77902 0.77546 0.78063 0.77787 0.78201 0.77856 0.78431 0.78178 0.78316 0.78109 0.78063 0.78017 0.78213 0.78052 0.78109 0.77994 0.78063 0.7796 0.78098 0.7819 0.78167 0.78316 0.78167 0.78063 0.77891 0.77753 0.77718 0.77569 0.7773 0.77626 0.77511 0.77477 0.77626 0.77546 0.77534 0.77477 0.77626 0.77362 0.77707 0.77649 0.77534 0.77488 0.77454 0.77293 0.77385 0.77339 0.77189 0.77017 0.77247 0.77017 0.76994 0.76947 0.76948 0.76775 0.76798 0.76591 0.76832 0.76522 0.7666 0.76499 0.76556 0.76464 0.76614 0.76372 0.76395 0.76292 0.76303 0.76096 0.76188 0.75843 0.75958 0.75751 0.75958 0.7559 0.75739 0.75532 0.75555 0.75417 0.75337 0.75314 0.75176 0.75199 0.75245 0.75049 0.75061 0.75072 0.75153 0.74969 0.75072 


Para distancia = Minkowski(p=3)
Mejor resultado: 0.7843134531698478  para k= 17 

0.72967 0.73795 0.75222 0.76579 0.77557 0.77385 0.77983 0.77603 0.77971 0.77753 0.78086 0.7796 0.78259 0.78213 0.78328 0.78259 0.78581 0.78477 0.78627 0.7865 0.78731 0.78719 0.78811 0.78719 0.78754 0.78834 0.78708 0.78742 0.7857 0.7857 0.78523 0.78616 0.78455 0.78443 0.78316 0.78293 0.78316 0.78443 0.7827 0.78236 0.78293 0.78397 0.78409 0.78386 0.78478 0.78478 0.78489 0.78535 0.78432 0.78409 0.78374 0.78144 0.77937 0.78017 0.77833 0.77902 0.77741 0.77833 0.77902 0.77983 0.77868 0.77891 0.77868 0.77971 0.77718 0.77523 0.77488 0.77373 0.77385 0.77293 0.77201 0.77132 0.7704 0.76936 0.76971 0.76833 0.76821 0.76752 0.76752 0.76591 0.76602 0.76614 0.76648 0.76464 0.76453 0.7643 0.76499 0.76418 0.76418 0.76269 0.76441 0.76315 0.76326 0.762 0.76246 0.76085 0.76177 0.75947 0.76108 


Para distancia =  cosine
Mejor resultado: 0.7883402775022155  para k= 26 

0.72438 0.73622 0.7513 0.75382 0.76579 0.76959 0.77373 0.77902 0.78132 0.78075 0.78385 0.78144 0.78615 0.78374 0.78615 0.78247 0.78512 0.78408 0.78684 0.78339 0.78708 0.78362 0.78685 0.78581 0.78846 0.78823 0.78961 0.78961 0.78823 0.78972 0.78926 0.78915 0.78754 0.78777 0.78742 0.78753 0.78662 0.78742 0.78684 0.785 0.78604 0.78638 0.78604 0.78604 0.78662 0.78742 0.78696 0.78696 0.788 0.78823 0.78673 0.78719 0.78604 0.78547 0.78351 0.78397 0.78132 0.78236 0.7819 0.78121 0.78201 0.78144 0.78086 0.78098 0.77868 0.77787 0.77753 0.77776 0.77776 0.77799 0.77891 0.77822 0.7781 0.77822 0.77787 0.77741 0.77546 0.77546 0.77684 0.77396 0.77477 0.77419 0.77465 0.775 0.77408 0.77281 0.77362 0.77304 0.77327 0.77143 0.77316 0.77235 0.77247 0.77097 0.77143 0.76993 0.77028 0.7697 0.77062 


Para distancia =  braycurtis
Mejor resultado: 0.7897215718952951  para k= 30 

0.71414 0.72805 0.73864 0.74508 0.75406 0.75785 0.76395 0.7666 0.77626 0.77477 0.77719 0.77707 0.7796 0.77684 0.77822 0.77822 0.78133 0.77833 0.7819 0.78006 0.77995 0.78052 0.78305 0.78213 0.78087 0.78075 0.78294 0.7819 0.78052 0.78121 0.78305 0.78259 0.78052 0.78202 0.78225 0.78213 0.78351 0.78374 0.78374 0.78443 0.78432 0.785 0.78374 0.78236 0.78247 0.7827 0.78132 0.78017 0.78236 0.78167 0.78098 0.78155 0.78098 0.7796 0.77994 0.77879 0.78006 0.77994 0.77776 0.77833 0.7773 0.77776 0.77638 0.77638 0.77684 0.77511 0.77442 0.77419 0.77373 0.77212 0.77247 0.7735 0.77316 0.77431 0.77385 0.77454 0.77477 0.77477 0.77224 0.77316 0.77327 0.77316 0.77293 0.77327 0.7735 0.77293 0.77327 0.77281 0.77189 0.77258 0.77281 0.77178 0.77246 0.77327 0.77511 0.77419 0.77511 0.77591 0.77488 


Para distancia =  canberra
Mejor resultado: 0.7850049601206301  para k= 42 

0.72852 0.7338 0.75014 0.74761 0.76326 0.76085 0.76545 0.76418 0.77454 0.77017 0.77488 0.77109 0.77408 0.77235 0.77684 0.77431 0.77546 0.77419 0.77684 0.77304 0.77649 0.77304 0.77511 0.77224 0.77431 0.77063 0.77304 0.76994 0.77178 0.77258 0.7727 0.77189 0.77212 0.77028 0.76844 0.76878 0.76821 0.76763 0.76867 0.76614 0.76637 0.76407 0.76579 0.7643 0.7643 0.76395 0.76384 0.76395 0.76522 0.76349 0.7628 0.76039 0.76027 0.75797 0.75786 0.75636 0.75797 0.75648 0.7559 0.75371 0.75291 0.75084 0.75003 0.75026 0.74969 0.74785 0.74785 0.74566 0.74785 0.74785 0.74635 0.74428 0.74589 0.74359 0.7437 0.74244 0.74232 0.74094 0.74198 0.73807 0.73864 0.7368 0.74083 0.73761 0.73657 0.73542 0.73623 0.73623 0.73887 0.73554 0.7368 0.73347 0.73496 0.73404 0.73634 0.73462 0.736 0.73473 0.73634 


Para distancia =  chebyshev
Mejor resultado: 0.7768384852452944  para k= 19 

0.72875 0.73806 0.75475 0.76314 0.77603 0.77672 0.78017 0.77672 0.77879 0.77638 0.78121 0.77799 0.78155 0.78144 0.785 0.78512 0.78753 0.78523 0.78604 0.78661 0.78661 0.78777 0.78961 0.78788 0.78753 0.78719 0.78823 0.78834 0.788 0.7888 0.78719 0.78685 0.78489 0.78581 0.78282 0.78524 0.78581 0.78489 0.78431 0.78443 0.78328 0.78408 0.78512 0.78512 0.78558 0.78466 0.78581 0.78489 0.78524 0.78386 0.78409 0.78167 0.78075 0.77902 0.78109 0.77856 0.77937 0.77891 0.7773 0.77845 0.77879 0.77994 0.77914 0.77868 0.77718 0.77764 0.7773 0.77534 0.77638 0.7735 0.77442 0.77339 0.77304 0.7727 0.77235 0.77097 0.77166 0.77017 0.77063 0.76855 0.76913 0.76671 0.76775 0.76625 0.76717 0.76591 0.76637 0.76487 0.76545 0.7651 0.76579 0.76533 0.76487 0.76326 0.76361 0.76268 0.76188 0.76153 0.76165 


Para distancia =  correlation
Mejor resultado: 0.7896055712074916  para k= 23 

0.72909 0.73852 0.74968 0.75072 0.76625 0.76568 0.77074 0.77292 0.77776 0.77476 0.7804 0.77707 0.77937 0.77868 0.78316 0.77914 0.78224 0.78213 0.78466 0.78466 0.78236 0.78213 0.78282 0.78167 0.78478 0.78293 0.7819 0.78282 0.78224 0.78282 0.78351 0.78351 0.78282 0.7804 0.78006 0.77994 0.77707 0.77764 0.77592 0.77776 0.77833 0.77845 0.7796 0.77661 0.77983 0.78052 0.77925 0.77776 0.7773 0.77684 0.77615 0.77718 0.77649 0.77396 0.77454 0.77396 0.77569 0.77534 0.77488 0.7758 0.77373 0.77362 0.77408 0.77327 0.77074 0.77028 0.7712 0.77005 0.76982 0.7674 0.76763 0.76556 0.76591 0.76407 0.76591 0.76476 0.76418 0.76384 0.76556 0.76338 0.76349 0.76165 0.76177 0.76038 0.76154 0.75958 0.75924 0.75843 0.75924 0.75705 0.75705 0.75544 0.75624 0.75509 0.75567 0.75532 0.75624 0.75509 0.75394 


Para distancia =  seuclidean
Mejor resultado: 0.7847757364125763  para k= 25 

0.61406 0.62545 0.63315 0.64581 0.65099 0.6603 0.65754 0.66272 0.65352 0.66099 0.65916 0.6595 0.65616 0.65996 0.66099 0.65996 0.66146 0.66537 0.66157 0.66824 0.66445 0.66686 0.66652 0.66974 0.66721 0.66778 0.66617 0.66721 0.66594 0.66767 0.66617 0.67147 0.67147 0.67446 0.67066 0.6725 0.67319 0.67572 0.67239 0.67733 0.674 0.67699 0.67434 0.67825 0.67618 0.67745 0.67779 0.67963 0.67871 0.67952 0.67791 0.68032 0.67779 0.6817 0.67687 0.6809 0.67871 0.68354 0.6817 0.68343 0.68021 0.68021 0.68124 0.6855 0.68435 0.68389 0.68343 0.68504 0.68216 0.68446 0.68239 0.68297 0.68044 0.68389 0.68458 0.68527 0.68596 0.68734 0.68699 0.68676 0.6855 0.68676 0.68435 0.68699 0.68584 0.68837 0.68688 0.68768 0.68492 0.68676 0.68527 0.68619 0.68665 0.68711 0.68458 0.68446 0.684 0.68573 0.68412 


Para distancia =  mahalanobis
Mejor resultado: 0.6883737417827335  para k= 86 