#Valor de k con el mejor SCV con 10 folds, variando el número de componentes de PCA, p y el tipo de preprocesado:

#-----------------Robust Scaler--------------------------------------------------
4 explained variance: 0.911372
0.7897189264976257 16 1
0.7886839146594712 27 2

5 explained variance: 0.9991747
0.7915614459743661 32 1
0.791790405142653 21 2

6 explained variance: 0.9994142
0.7863833445762733 47 1
0.7876494319008505 43 2

7 explained variance: 0.9995423
0.7887984603785564 29 1
0.7877633162705183 37 2

8 explained variance: 0.9996307
0.7907561869237993 17 1
0.7934021136727379 29 2

9 explained variance: 0.9997131
0.7938630742166317 31 1
0.7951269129531898 30 2

10 explained variance: 0.9997903
0.7948990119439705 17 1
0.7971998465669352 17 2

11 explained variance: 0.9998504
0.7966250016533736 25 1
0.7984632884938428 16 2

12 explained variance: 0.999897
0.7959325688134068 17 1
0.7973133341269526 27 2

13 explained variance: 0.9999264
0.7960501567398118 27 1
0.7983490073145246 27 2

14 explained variance: 0.9999529
0.7953585175191461 19 1
0.7992707961324287 17 2

15 explained variance: 0.9999698
0.7976600134915282 27 1
0.7977733687816622 32 2

16 explained variance: 0.9999851
0.7946680687274315 15 1
0.7992702670528948 25 2

17 explained variance: 0.9999924
0.7946683332671984 23 1
0.7978902953586499 23 2

18 explained variance: 0.9999986
0.7947836726055845 15 1
0.7988101001283019 25 2

#------------------------Standard Scaler-----------------------------------------

4 explained variance: 0.3881599
0.7485385500575374 16 1
0.7481950451701651 21 2

5 explained variance: 0.4518785
0.7592383900109785 15 1
0.7613119849741412 13 2

6 explained variance: 0.5071089
0.7570527624565162 25 1
0.7609653056095658 13 2

7 explained variance: 0.5609367
0.7631498750049601 19 1
0.7616527121939605 13 2

8 explained variance: 0.611348
0.7628046506091029 17 1
0.7629181381691204 19 2

9 explained variance: 0.6611082
0.7642983744031322 15 1
0.761308281417404 25 2

10 explained variance: 0.709768
0.7663690594288586 29 1
0.7626886499212995 23 2

11 explained variance: 0.7557769
0.7693590201447033 23 1
0.7668289618136845 23 2

12 explained variance: 0.799843
0.7657936854357631 32 1
0.7622287475364733 47 2

13 explained variance: 0.8418535
0.767749692472521 33 1
0.764414771900586 33 2

14 explained variance: 0.8827152
0.7761457878655609 31 1
0.7733863735566049 32 2

15 explained variance: 0.9199031
0.7879934658677565 27 1
0.7884557491104851 31 2

16 explained variance: 0.9522989
0.7877647712392365 25 1
0.7873048688544106 19 2

17 explained variance: 0.9744378
0.7883397484226815 25 1
0.7861543854079864 19 2

18 explained variance: 0.9915155
0.7874195468433792 25 1
0.7882261285927807 19 2